.Random.seed <-
c(403L, 1L, -1218554283L, -349239313L, -560867338L, 2083770656L, 
1467358947L, -1735997567L, -337673744L, 1111457934L, -648304647L, 
-1401651829L, -1095095878L, 2063427772L, 1978420223L, -741099179L, 
-290684308L, -457644350L, 1007087901L, -853719145L, 1750795006L, 
569481400L, 2102690459L, 1108873465L, 433353288L, 658922870L, 
464145585L, -1100767005L, -555221070L, -1492074492L, -1502088377L, 
-399889891L, 1684127892L, -2058866630L, -644124027L, 993145695L, 
2048216038L, -1902459280L, -1340298861L, -942731727L, 33989856L, 
75765118L, 364578825L, 1998317627L, -1481886198L, -846371348L, 
-2139936145L, 873817509L, 484660572L, 1819527474L, -35448787L, 
-1726581017L, -1062970354L, 1031718376L, 1787047915L, -1694396279L, 
961250328L, 1726370630L, -1825287775L, -374472653L, 1182518690L, 
-567379820L, 49852183L, 1464011021L, 2043355172L, 912515082L, 
1667433845L, -1211431729L, 1769678806L, -475764864L, -2063942717L, 
-2064716447L, 871904208L, -303660242L, -2014126375L, -1262441237L, 
354725210L, -1670037732L, -1643054561L, -1962898827L, 1485719308L, 
955046626L, -703619139L, -2038486985L, -81288482L, -354140648L, 
797819259L, -1637426919L, 2058577320L, -614184618L, -1957570095L, 
-1222059645L, -1609054190L, -439645276L, -817128601L, -1718370115L, 
-2019764172L, -397681766L, 1720899557L, -517569665L, -1245265146L, 
668462224L, -578446029L, 1513421521L, 1615437952L, -2006451874L, 
-1680118103L, 1726134619L, -1223421078L, 1026316812L, 309693007L, 
-34068731L, -998248516L, 341035666L, -1184935539L, 215497159L, 
-285439314L, -92060920L, 1991688459L, 2129641449L, 1649649848L, 
-1174397082L, -878269439L, 1825798803L, 1942457666L, 390038260L, 
-282022153L, 138391277L, -727754364L, 378574762L, 515001621L, 
-198498385L, -1831450698L, -154427936L, 1911141667L, 1602398785L, 
-580713168L, 655646542L, 1165133241L, -181184565L, -1319752582L, 
1358654844L, -8485441L, -2031869291L, -1151082324L, -1704465790L, 
-1036557731L, 824800599L, 952531006L, 916380792L, 1384621915L, 
1805230777L, 2070912776L, 1021719990L, 1359678193L, 696515875L, 
1345845106L, -2043349564L, -1908691577L, -1178575011L, 1170551124L, 
-184671366L, 1590850245L, 1924215839L, -1475828826L, -89017040L, 
-337856557L, -466905615L, 165528352L, 1435413950L, 579306953L, 
376355195L, -178176182L, 1523515308L, 1733985967L, 133690469L, 
22058012L, 1372404338L, 1780546797L, -81984217L, 1736233294L, 
864879016L, 699020715L, -1627599159L, 1645573848L, -1258742906L, 
171028065L, 1388754931L, -877401502L, -1921536812L, 1254002135L, 
215099341L, 62018404L, -1462732982L, 1145589429L, 707782159L, 
2011354902L, -1448136256L, -230551165L, -1649080415L, -991303792L, 
-323191698L, -1057871335L, -1466395989L, 1358833306L, -2121600420L, 
-1124143265L, -1275018955L, 1473487052L, 1363896866L, -955415427L, 
-1439195785L, 1959989918L, 1990639960L, 355162299L, 1556817497L, 
-1011051032L, -2075684842L, 2093276049L, -704338877L, -932766894L, 
-310116380L, -2119311833L, 126826109L, -1850841228L, -623846566L, 
1087942053L, 1337362879L, -1650220474L, 541085524L, -208939966L, 
1777544608L, 658766524L, -656705072L, -29905566L, 1538535400L, 
159958988L, 2012708604L, -40427022L, 479111296L, 1432319220L, 
-798181752L, -1592555718L, 304649040L, -1291757972L, -1151922028L, 
-354205358L, -1025777952L, 2138567372L, -1960636256L, 576789378L, 
-249384216L, 1135629036L, -1513247684L, -1242979726L, 1171858544L, 
-751761884L, 54789176L, -308926438L, -658011440L, -1891883972L, 
1466799252L, 1288719490L, -475633728L, -189523652L, 1899999888L, 
-113222622L, -1458789368L, 466974860L, -401609700L, 955467410L, 
41940096L, -548208620L, 1413915944L, 30035514L, -513284912L, 
233964652L, 1565954740L, -1948923886L, 1875621856L, 384421836L, 
-300519968L, -1657000414L, -2138543832L, 308850956L, 806229564L, 
-1055989518L, -879904016L, -644152508L, -2070042024L, 635449914L, 
-248731920L, 238795964L, -1035547116L, -256360254L, -440618912L, 
-1058534020L, 225344720L, -1279050718L, -1100776792L, -1707774068L, 
983620028L, -613108686L, -1115687104L, -242108236L, 1704223560L, 
-1159644486L, -1727860976L, 1461819628L, 2059514964L, -950163694L, 
1530500000L, -136790068L, -883242144L, -1123036990L, -641477080L, 
-155040340L, 1539473212L, -794095758L, 1416700720L, -1111326172L, 
1752903736L, -1639461670L, 1262633360L, -1369561348L, -2055569516L, 
-28990654L, 663656960L, 1600332348L, 561583696L, 1567363746L, 
-147592376L, -343066100L, 820530396L, 875766354L, 1071462528L, 
1426905940L, -1030999576L, -1024726278L, 1328002896L, 2057028652L, 
1306957172L, 1123962514L, 935713376L, -354315636L, -621343904L, 
522801890L, -398755672L, -1276669748L, 315470332L, 1617797042L, 
-512879120L, 1891102148L, 858679128L, 2024135546L, 883441072L, 
2085118396L, -1914122156L, -1449839678L, 1198658336L, -1533044804L, 
-724569520L, 341720546L, 244318568L, 794144076L, -1268723460L, 
-704748814L, 1293819648L, 1308966516L, 1754386440L, -1658478150L, 
849690576L, -1158030868L, 25565076L, 737280722L, -1080312224L, 
560670028L, -312793824L, 2059061890L, -813213208L, 1679384556L, 
-1354037700L, 190707314L, -1265865872L, -391423708L, 1236783672L, 
-947770982L, -289031728L, -952932932L, -379225964L, 1411454082L, 
1655637440L, -995644612L, 1201450128L, -1548793054L, -211855864L, 
168547596L, -969177700L, 291266066L, 746924928L, 2133263124L, 
-2067889880L, 1807819834L, -1736406064L, 1287031404L, -1489780172L, 
-1253012846L, -1972820640L, 258799948L, -1009162272L, -105466462L, 
-1052146264L, -1268742516L, -163619396L, 1756102258L, 1299919856L, 
-1764921788L, -515301288L, 1690970170L, -1095651216L, -322004932L, 
-752598764L, 1238016706L, -922097952L, -1773651844L, 444069584L, 
-1096238686L, 43718696L, -690148596L, 1363044796L, -1860820174L, 
-1911067968L, -943354828L, 814603976L, -1900055366L, -1282361712L, 
1120399084L, 1360525908L, -4250990L, -570496736L, 146018764L, 
-165715232L, 1556283586L, 228846632L, -131745876L, -611046724L, 
-1073988622L, 176911920L, -20557916L, 1906576824L, 1290303322L, 
696512656L, -836162692L, -189980396L, 176097602L, 1515008256L, 
837976632L, 1686872033L, 1149245587L, -1973192012L, -1487210558L, 
1513665495L, 718847009L, -1145242650L, 1215145700L, 1083167253L, 
723950143L, -2091609640L, -695203850L, 650162179L, 833723205L, 
1694527330L, -1423732528L, 1811536889L, -537675989L, -1225243492L, 
-1792664886L, -1366092865L, -1087455479L, -1333499874L, -1973298740L, 
1239856029L, 1856319015L, 1661469776L, 919489774L, 1524345243L, 
-628137987L, 1248226026L, 1946746248L, -1300272335L, -118021213L, 
693330852L, 1521331794L, 208670119L, -2024527375L, -1463444170L, 
-281549356L, -874706075L, 2068034415L, 713035176L, 96375558L, 
-1401731533L, -789738347L, -811813646L, 61183296L, 1965406889L, 
163377947L, -1357085460L, -482858758L, 1755134255L, -910426823L, 
-612143282L, 1901397404L, 294356749L, -97529481L, 1788822912L, 
-832154658L, -1408230229L, -465311827L, -957015014L, -1733553448L, 
1906694977L, -1572905997L, 986555924L, 1548844962L, 1826554039L, 
-876750207L, 313297542L, 842255044L, 726117365L, -2034761121L, 
1395250360L, 20935062L, 2084105123L, -412479643L, -469793150L, 
1891357680L, 481904025L, 855190411L, 503883388L, -858579798L, 
1160146655L, -633805719L, 205487742L, 360707692L, 2125707965L, 
962021255L, 458802032L, 939536910L, 882704187L, 168461341L, 160287946L, 
-782936088L, 1342219473L, 358199491L, -2007517244L, 944591986L, 
-600699577L, -457629423L, 1313211542L, 1442822644L, -839791739L, 
508166863L, -2107973688L, -942836122L, 1452660883L, 6801397L, 
-815472174L, 605030944L, -1541528567L, 1830099259L, 1704602764L, 
-1170945766L, -1237512305L, -2066378535L, 794951534L, 116549372L, 
-177273747L, -1304567785L, -635373088L, 605881790L, -222524533L, 
961109005L, -730985414L, -319382408L, 1808840737L, 1130697427L, 
250593780L, -1764611454L, -2081569001L, 377032161L, -1567104218L, 
-1068335580L, 1119365333L, 2145912959L, -1295201000L, 1735853110L, 
